500 random numbers have been generated and saved to 'random_numbers.csv'
Number of comparisons in Bubble Sort: 123715

##########################################################

Bubble Sort for 500 numbers:
 [1, 1, 4, 4, 4, 5, 5, 5, 6, 6, 7, 9, 10, 10, 10, 11, 11, 13, 14, 15, 17, 18, 18, 20, 21, 22, 22, 23, 23, 24, 25, 26, 26, 27, 29, 30, 31, 31, 31, 33, 33, 36, 36, 38, 38, 38, 40, 41, 42, 43, 44, 44, 47, 47, 48, 48, 51, 51, 52, 52, 53, 54, 56, 56, 57, 60, 60, 60, 61, 61, 61, 63, 64, 64, 66, 66, 67, 68, 69, 70, 70, 71, 72, 73, 75, 76, 79, 79, 80, 81, 83, 84, 84, 85, 85, 85, 85, 86, 91, 93, 95, 97, 97, 101, 101, 104, 105, 107, 109, 110, 112, 112, 113, 115, 115, 115, 116, 117, 117, 118, 119, 120, 120, 120, 121, 122, 126, 126, 128, 129, 129, 130, 130, 131, 132, 133, 133, 134, 135, 135, 136, 138, 138, 139, 139, 140, 140, 141, 141, 141, 142, 143, 144, 144, 145, 146, 147, 148, 148, 149, 150, 151, 151, 152, 153, 153, 154, 155, 155, 161, 162, 163, 163, 164, 164, 164, 165, 166, 167, 168, 170, 170, 171, 172, 173, 173, 174, 174, 176, 176, 177, 177, 177, 179, 180, 180, 181, 182, 182, 183, 183, 184, 184, 185, 186, 187, 188, 188, 188, 189, 189, 192, 192, 192, 192, 193, 194, 194, 194, 194, 195, 195, 196, 201, 201, 202, 202, 202, 203, 204, 205, 207, 209, 210, 217, 217, 217, 217, 218, 218, 219, 219, 219, 221, 221, 222, 224, 231, 232, 233, 233, 234, 236, 236, 236, 236, 238, 240, 242, 242, 243, 245, 245, 248, 250, 252, 254, 254, 255, 257, 257, 257, 259, 260, 261, 262, 262, 262, 262, 265, 267, 268, 268, 269, 269, 270, 274, 275, 275, 276, 276, 278, 279, 280, 281, 281, 286, 286, 286, 287, 288, 288, 290, 291, 294, 295, 296, 296, 297, 297, 300, 301, 303, 304, 305, 307, 307, 307, 308, 310, 311, 312, 313, 314, 315, 316, 317, 318, 319, 319, 320, 320, 326, 327, 327, 327, 329, 330, 330, 332, 334, 338, 339, 339, 341, 342, 342, 343, 343, 345, 346, 347, 348, 348, 348, 352, 353, 355, 357, 359, 359, 360, 361, 361, 361, 361, 362, 364, 364, 365, 366, 367, 367, 367, 368, 368, 369, 369, 369, 372, 373, 375, 375, 376, 377, 379, 381, 381, 381, 381, 383, 383, 386, 387, 387, 389, 390, 390, 393, 395, 395, 397, 402, 403, 403, 405, 405, 405, 406, 407, 407, 408, 408, 410, 410, 411, 411, 411, 413, 415, 415, 415, 415, 416, 416, 416, 417, 417, 418, 418, 418, 419, 420, 421, 422, 423, 424, 425, 426, 426, 426, 430, 432, 432, 432, 435, 436, 437, 439, 440, 441, 442, 442, 442, 444, 445, 445, 446, 446, 446, 450, 455, 457, 457, 457, 460, 461, 461, 462, 463, 464, 471, 472, 473, 473, 474, 477, 478, 480, 480, 480, 481, 482, 484, 485, 489, 489, 490, 490, 490, 491, 492, 492, 494, 497, 497, 499, 499, 500, 500]
Time taken for Bubble sort:
 4.76837158203125e-06 seconds

##########################################################

Quicksort for 500 numbers: [1, 1, 4, 4, 4, 5, 5, 5, 6, 6, 7, 9, 10, 10, 10, 11, 11, 13, 14, 15, 17, 18, 18, 20, 21, 22, 22, 23, 23, 24, 25, 26, 26, 27, 29, 30, 31, 31, 31, 33, 33, 36, 36, 38, 38, 38, 40, 41, 42, 43, 44, 44, 47, 47, 48, 48, 51, 51, 52, 52, 53, 54, 56, 56, 57, 60, 60, 60, 61, 61, 61, 63, 64, 64, 66, 66, 67, 68, 69, 70, 70, 71, 72, 73, 75, 76, 79, 79, 80, 81, 83, 84, 84, 85, 85, 85, 85, 86, 91, 93, 95, 97, 97, 101, 101, 104, 105, 107, 109, 110, 112, 112, 113, 115, 115, 115, 116, 117, 117, 118, 119, 120, 120, 120, 121, 122, 126, 126, 128, 129, 129, 130, 130, 131, 132, 133, 133, 134, 135, 135, 136, 138, 138, 139, 139, 140, 140, 141, 141, 141, 142, 143, 144, 144, 145, 146, 147, 148, 148, 149, 150, 151, 151, 152, 153, 153, 154, 155, 155, 161, 162, 163, 163, 164, 164, 164, 165, 166, 167, 168, 170, 170, 171, 172, 173, 173, 174, 174, 176, 176, 177, 177, 177, 179, 180, 180, 181, 182, 182, 183, 183, 184, 184, 185, 186, 187, 188, 188, 188, 189, 189, 192, 192, 192, 192, 193, 194, 194, 194, 194, 195, 195, 196, 201, 201, 202, 202, 202, 203, 204, 205, 207, 209, 210, 217, 217, 217, 217, 218, 218, 219, 219, 219, 221, 221, 222, 224, 231, 232, 233, 233, 234, 236, 236, 236, 236, 238, 240, 242, 242, 243, 245, 245, 248, 250, 252, 254, 254, 255, 257, 257, 257, 259, 260, 261, 262, 262, 262, 262, 265, 267, 268, 268, 269, 269, 270, 274, 275, 275, 276, 276, 278, 279, 280, 281, 281, 286, 286, 286, 287, 288, 288, 290, 291, 294, 295, 296, 296, 297, 297, 300, 301, 303, 304, 305, 307, 307, 307, 308, 310, 311, 312, 313, 314, 315, 316, 317, 318, 319, 319, 320, 320, 326, 327, 327, 327, 329, 330, 330, 332, 334, 338, 339, 339, 341, 342, 342, 343, 343, 345, 346, 347, 348, 348, 348, 352, 353, 355, 357, 359, 359, 360, 361, 361, 361, 361, 362, 364, 364, 365, 366, 367, 367, 367, 368, 368, 369, 369, 369, 372, 373, 375, 375, 376, 377, 379, 381, 381, 381, 381, 383, 383, 386, 387, 387, 389, 390, 390, 393, 395, 395, 397, 402, 403, 403, 405, 405, 405, 406, 407, 407, 408, 408, 410, 410, 411, 411, 411, 413, 415, 415, 415, 415, 416, 416, 416, 417, 417, 418, 418, 418, 419, 420, 421, 422, 423, 424, 425, 426, 426, 426, 430, 432, 432, 432, 435, 436, 437, 439, 440, 441, 442, 442, 442, 444, 445, 445, 446, 446, 446, 450, 455, 457, 457, 457, 460, 461, 461, 462, 463, 464, 471, 472, 473, 473, 474, 477, 478, 480, 480, 480, 481, 482, 484, 485, 489, 489, 490, 490, 490, 491, 492, 492, 494, 497, 497, 499, 499, 500, 500]
Number of comparisons in Quicksort: 3266
Time taken for Quicksort: 0.0007662773132324219 seconds

##########################################################

Mergesort of 500 numbers: [1, 1, 4, 4, 4, 5, 5, 5, 6, 6, 7, 9, 10, 10, 10, 11, 11, 13, 14, 15, 17, 18, 18, 20, 21, 22, 22, 23, 23, 24, 25, 26, 26, 27, 29, 30, 31, 31, 31, 33, 33, 36, 36, 38, 38, 38, 40, 41, 42, 43, 44, 44, 47, 47, 48, 48, 51, 51, 52, 52, 53, 54, 56, 56, 57, 60, 60, 60, 61, 61, 61, 63, 64, 64, 66, 66, 67, 68, 69, 70, 70, 71, 72, 73, 75, 76, 79, 79, 80, 81, 83, 84, 84, 85, 85, 85, 85, 86, 91, 93, 95, 97, 97, 101, 101, 104, 105, 107, 109, 110, 112, 112, 113, 115, 115, 115, 116, 117, 117, 118, 119, 120, 120, 120, 121, 122, 126, 126, 128, 129, 129, 130, 130, 131, 132, 133, 133, 134, 135, 135, 136, 138, 138, 139, 139, 140, 140, 141, 141, 141, 142, 143, 144, 144, 145, 146, 147, 148, 148, 149, 150, 151, 151, 152, 153, 153, 154, 155, 155, 161, 162, 163, 163, 164, 164, 164, 165, 166, 167, 168, 170, 170, 171, 172, 173, 173, 174, 174, 176, 176, 177, 177, 177, 179, 180, 180, 181, 182, 182, 183, 183, 184, 184, 185, 186, 187, 188, 188, 188, 189, 189, 192, 192, 192, 192, 193, 194, 194, 194, 194, 195, 195, 196, 201, 201, 202, 202, 202, 203, 204, 205, 207, 209, 210, 217, 217, 217, 217, 218, 218, 219, 219, 219, 221, 221, 222, 224, 231, 232, 233, 233, 234, 236, 236, 236, 236, 238, 240, 242, 242, 243, 245, 245, 248, 250, 252, 254, 254, 255, 257, 257, 257, 259, 260, 261, 262, 262, 262, 262, 265, 267, 268, 268, 269, 269, 270, 274, 275, 275, 276, 276, 278, 279, 280, 281, 281, 286, 286, 286, 287, 288, 288, 290, 291, 294, 295, 296, 296, 297, 297, 300, 301, 303, 304, 305, 307, 307, 307, 308, 310, 311, 312, 313, 314, 315, 316, 317, 318, 319, 319, 320, 320, 326, 327, 327, 327, 329, 330, 330, 332, 334, 338, 339, 339, 341, 342, 342, 343, 343, 345, 346, 347, 348, 348, 348, 352, 353, 355, 357, 359, 359, 360, 361, 361, 361, 361, 362, 364, 364, 365, 366, 367, 367, 367, 368, 368, 369, 369, 369, 372, 373, 375, 375, 376, 377, 379, 381, 381, 381, 381, 383, 383, 386, 387, 387, 389, 390, 390, 393, 395, 395, 397, 402, 403, 403, 405, 405, 405, 406, 407, 407, 408, 408, 410, 410, 411, 411, 411, 413, 415, 415, 415, 415, 416, 416, 416, 417, 417, 418, 418, 418, 419, 420, 421, 422, 423, 424, 425, 426, 426, 426, 430, 432, 432, 432, 435, 436, 437, 439, 440, 441, 442, 442, 442, 444, 445, 445, 446, 446, 446, 450, 455, 457, 457, 457, 460, 461, 461, 462, 463, 464, 471, 472, 473, 473, 474, 477, 478, 480, 480, 480, 481, 482, 484, 485, 489, 489, 490, 490, 490, 491, 492, 492, 494, 497, 497, 499, 499, 500, 500]
Number of comparisons in Mergesort: 2320
Time taken for Mergesort: 0.0009496212005615234 seconds
